分别代表：
N M K correctAnswer //对于其他的要考虑N和M大小的情况未给出应该的测试结果

100  100	4	1
100	100	5	1
100	100	6	3
100	100	7	3
100	100	8	6
100	100	9	9
100	100	10	10
100	100	11	12
100	100	12	18
100	100	13	18
100	100	14	22
100	100	15	30
100	100	16	36
100	100	17	36
100	100	18	45
100	100	19	48
100	100	20	60
100	100	21	63
100	100	22	65
100	100	23	75
100	100	24	90
100	100	25	100
100	100	26	100
100	100	27	108
100	100	28	126
100	100	29	130
100	100	30	150
100	100	31	150
100	100	32	168
100	100	33	168
100	100	34	186
100	100	35	210
100	100	36	225
100	100	37	225
100	100	38	231
100	100	39	252
100	100	40	280
100	100	41	285
100	100	42	315
100	100	43	315
100	100	44	330
100	100	45	360
100	100	46	360
100	100	47	385
100	100	48	420
100	100	49	441
100	100	50	450
100	100	51	450
100	100	52	468
100	100	53	500
100	100	54	540
100	100	55	550
100	100	56	588
100	100	57	588
100	100	58	596
100	100	59	630
100	100	60	675
100	100	61	675
100	100	62	708
100	100	63	756
100	100	64	784
100	100	65	784
100	100	66	825
100	100	67	825
100	100	68	846
100	100	69	891
100	100	70	945
100	100	71	952
100	100	72	1008
100	100	73	1008
100	100	74	1017
100	100	75	1050
100	100	76	1095
100	100	77	1155
100	100	78	1170
100	100	79	1197
100	100	80	1260
100	100	81	1296
100	100	82	1296
100	100	83	1320
100	100	84	1386
100	100	85	1386
100	100	86	1410
100	100	87	1470
100	100	88	1540
100	100	89	1548
100	100	90	1620
100	100	91	1638
100	100	92	1638
100	100	93	1651
100	100	94	1705
100	100	95	1771
100	100	96	1848
100	100	97	1848
100	100	98	1911
100	100	99	1980
100	100	100	2025
100	100	101	2025
100	100	102	2040
100	100	103	2100
100	100	104	2184
100	100	105	2205
100	100	106	2211
100	100	107	2288
100	100	108	2376
100	100	109	2385
100	100	110	2475
100	100	111	2475
100	100	112	2548
100	100	113	2548
100	100	114	2565
100	100	115	2628
100	100	116	2712
100	100	117	2808
100	100	118	2808
100	100	119	2871
100	100	120	2970
100	100	121	3025
100	100	122	3025
100	100	123	3036
100	100	124	3081
100	100	125	3172
100	100	126	3276
100	100	127	3276
100	100	128	3360
100	100	129	3402
100	100	130	3510
100	100	131	3520
100	100	132	3630
100	100	133	3630
100	100	134	3668
100	100	135	3780
100	100	136	3808
100	100	137	3808
100	100	138	3874
100	100	139	3978
100	100	140	4095
100	100	141	4095
100	100	142	4170
100	100	143	4290
100	100	144	4356
100	100	145	4356
100	100	146	4368
100	100	147	4410
100	100	148	4487
100	100	149	4599
100	100	150	4725
100	100	151	4725
100	100	152	4788
100	100	153	4896
100	100	154	5005
100	100	155	5016
100	100	156	5148
100	100	157	5148
100	100	158	5161
100	100	159	5265
100	100	160	5400
100	100	161	5400
100	100	162	5508
100	100	163	5509
100	100	164	5635
100	100	165	5775
100	100	166	5775
100	100	167	5863
100	100	168	6006
100	100	169	6084
100	100	170	6120
100	100	171	6156
100	100	172	6156
100	100	173	6195
100	100	174	6315
100	100	175	6450
100	100	176	6600
100	100	177	6600
100	100	178	6636
100	100	179	6776
100	100	180	6930
100	100	181	6942
100	100	182	7098
100	100	183	7098
100	100	184	7112
100	100	185	7176
100	100	186	7320
100	100	187	7480
100	100	188	7480
100	100	189	7560
100	100	190	7695
100	100	191	7755
100	100	192	7920
100	100	193	7920
100	100	194	8022
100	100	195	8190
100	100	196	8281
100	100	197	8281
100	100	198	8415
100	100	199	8415
100	100	200	8550
100	100	201	8550
100	100	202	8640
100	100	203	8800
100	100	204	8976
100	100	205	8976
100	100	206	9015
100	100	207	9180
100	100	208	9360
100	100	209	9405
100	100	210	9555
100	100	211	9555
100	100	212	9570
100	100	213	9600
100	100	214	9741
100	100	215	9911
100	100	216	10098
100	100	217	10098
100	100	218	10116
100	100	219	10260
100	100	220	10450
100	100	221	10608
100	100	222	10608
100	100	223	10725
100	100	224	10920
100	100	225	11025
100	100	226	11025
100	100	227	11088
100	100	228	11286
100	100	229	11286
100	100	230	11385
100	100	231	11550
100	100	232	11550
100	100	233	11730
100	100	234	11934
100	100	235	11934
100	100	236	11976
100	100	237	12168
100	100	238	12376
100	100	239	12390
100	100	240	12600
100	100	241	12600
100	100	242	12705
100	100	243	12705
100	100	244	12744
100	100	245	12924
100	100	246	13122
100	100	247	13338
100	100	248	13338
100	100	249	13357
100	100	250	13500
100	100	251	13702
100	100	252	13923
100	100	253	13923
100	100	254	14056
100	100	255	14280
100	100	256	14400
100	100	257	14400
100	100	258	14416
100	100	259	14592
100	100	260	14820
100	100	261	14820
100	100	262	14840
100	100	263	15015
100	100	264	15246
100	100	265	15327
100	100	266	15561
100	100	267	15561
100	100	268	15606
100	100	269	15827
100	100	270	16065
100	100	271	16080
100	100	272	16320
100	100	273	16380
100	100	274	16380
100	100	275	16500
100	100	276	16698
100	100	277	16698
100	100	278	16815
100	100	279	17043
100	100	280	17290
100	100	281	17290
100	100	282	17310
100	100	283	17469
100	100	284	17703
100	100	285	17955
100	100	286	18018
100	100	287	18105
100	100	288	18360
100	100	289	18496
100	100	290	18496
100	100	291	18513
100	100	292	18610
100	100	293	18850
100	100	294	19110
100	100	295	19110
100	100	296	19131
100	100	297	19305
100	100	298	19470
100	100	299	19734
100	100	300	19950
100	100	301	19950
100	100	302	19998
100	100	303	20250
100	100	304	20520
100	100	305	20536
100	100	306	20808
100	100	307	20808
100	100	308	21021
100	100	309	21021
100	100	310	21043
100	100	311	21252
100	100	312	21528
100	100	313	21528
100	100	314	21770
100	100	315	22050
100	100	316	22050
100	100	317	22071
100	100	318	22249
100	100	319	22515
100	100	320	22800
100	100	321	22800
100	100	322	23023
100	100	323	23256
100	100	324	23409
100	100	325	23409
100	100	326	23427
100	100	327	23463
100	100	328	23688
100	100	329	23961
100	100	330	24255
100	100	331	24255
100	100	332	24277
100	100	333	24360
100	100	334	24620
100	100	335	24900
100	100	336	25200
100	100	337	25200
100	100	338	25350
100	100	339	25536
100	100	340	25840
100	100	341	25857
100	100	342	26163
100	100	343	26163
100	100	344	26257
100	100	345	26565
100	100	346	26565
100	100	347	26588
100	100	348	26796
100	100	349	26988
100	100	350	27300
100	100	351	27405
100	100	352	27720
100	100	353	27720
100	100	354	27742
100	100	355	27940
100	100	356	28240
100	100	357	28560
100	100	358	28560
100	100	359	28747
100	100	360	29070
100	100	361	29241
100	100	362	29241
100	100	363	29260
100	100	364	29575
100	100	365	29575
100	100	366	29722
100	100	367	30030
100	100	368	30360
100	100	369	30360
100	100	370	30383
100	100	371	30471
100	100	372	30765
100	100	373	31080
100	100	374	31416
100	100	375	31500
100	100	376	31500
100	100	377	31790
100	100	378	32130
100	100	379	32148
100	100	380	32490
100	100	381	32490
100	100	382	32510
100	100	383	32775
100	100	384	33120
100	100	385	33120
100	100	386	33144
100	100	387	33192
100	100	388	33450
100	100	389	33775
100	100	390	34125
100	100	391	34408
100	100	392	34408
100	100	393	34431
100	100	394	34650
100	100	395	34986
100	100	396	35343
100	100	397	35343
100	100	398	35550
100	100	399	35910
100	100	400	36100
100	100	401	36100
100	100	402	36120
100	100	403	36270
100	100	404	36491
100	100	405	36855
100	100	406	36946
100	100	407	37168
100	100	408	37536
100	100	409	37536
100	100	410	37560
100	100	411	37653
100	100	412	37983
100	100	413	38335
100	100	414	38709
100	100	415	38709
100	100	416	39000
100	100	417	39123
100	100	418	39501
100	100	419	39520
100	100	420	39900
100	100	421	39900
100	100	422	39921
100	100	423	40056
100	100	424	40416
100	100	425	40800
100	100	426	40800
100	100	427	40825
100	100	428	40875
100	100	429	41184
100	100	430	41469
100	100	431	41837
100	100	432	42228
100	100	433	42228
100	100	434	42315
100	100	435	42630
100	100	436	42867
100	100	437	43263
100	100	438	43263
100	100	439	43491
100	100	440	43890
100	100	441	44100
100	100	442	44200
100	100	443	44200
100	100	444	44226
100	100	445	44278
100	100	446	44577
100	100	447	44955
100	100	448	45360
100	100	449	45492
100	100	450	45900
100	100	451	45900
100	100	452	45925
100	100	453	46023
100	100	454	46391
100	100	455	46782
100	100	456	47196
100	100	457	47196
100	100	458	47320
100	100	459	47736
100	100	460	48070
100	100	461	48090
100	100	462	48510
100	100	463	48510
100	100	464	48720
100	100	465	48825
100	100	466	48900
100	100	467	49300
100	100	468	49725
100	100	469	49725
100	100	470	49751
100	100	471	49803
100	100	472	50076
100	100	473	50460
100	100	474	50868
100	100	475	51300
100	100	476	51408
100	100	477	51408
100	100	478	51589
100	100	479	52003
100	100	480	52440
100	100	481	52440
100	100	482	52690
100	100	483	53130
100	100	484	53361
100	100	485	53361
100	100	486	53703
100	100	487	53703
100	100	488	53730
100	100	489	53784
100	100	490	54145
100	100	491	54348
100	100	492	54768
100	100	493	55216
100	100	494	55575
100	100	495	55575
100	100	496	55800
100	100	497	55800
100	100	498	56112
100	100	499	56544
100	100	500	57000
100	100	501	57000
100	100	502	57063
100	100	503	57500
100	100	504	57960
100	100	505	57981
100	100	506	58443
100	100	507	58443
100	100	508	58466
100	100	509	58696
100	100	510	59160
100	100	511	59160
100	100	512	59553
100	100	513	60021
100	100	514	60021
100	100	515	60048
100	100	516	60102
100	100	517	60400
100	100	518	60825
100	100	519	61275
100	100	520	61750
100	100	521	61750
100	100	522	62118
100	100	523	62118
100	100	524	62520
100	100	525	63000
100	100	526	63000
100	100	527	63273
100	100	528	63756
100	100	529	64009
100	100	530	64009
100	100	531	64152
100	100	532	64638
100	100	533	64638
100	100	534	64666
100	100	535	64722
100	100	536	64870
100	100	537	65286
100	100	538	65728
100	100	539	66196
100	100	540	66690
100	100	541	66690
100	100	542	66717
100	100	543	66960
100	100	544	67456
100	100	545	67750
100	100	546	68250
100	100	547	68250
100	100	548	68316
100	100	549	68796
100	100	550	69300
100	100	551	69426
100	100	552	69828
100	100	553	69828
100	100	554	69852
100	100	555	69930
100	100	556	70155
100	100	557	70635
100	100	558	71145
100	100	559	71307
100	100	560	71820
100	100	561	71820
100	100	562	71848
100	100	563	71904
100	100	564	72228
100	100	565	72696
100	100	566	73190
100	100	567	73710
100	100	568	73710
100	100	569	73863
100	100	570	74385
100	100	571	74550
100	100	572	75075
100	100	573	75075
100	100	574	75372
100	100	575	75900
100	100	576	76176
100	100	577	76176
100	100	578	76296
100	100	579	76608
100	100	580	77140
100	100	581	77140
100	100	582	77169
100	100	583	77227
100	100	584	77382
100	100	585	77841
100	100	586	78327
100	100	587	78840
100	100	588	79380
100	100	589	79515
100	100	590	79515
100	100	591	79546
100	100	592	80015
100	100	593	80535
100	100	594	81081
100	100	595	81081
100	100	596	81150
100	100	597	81675
100	100	598	82225
100	100	599	82248
100	100	600	82800
100	100	601	82800
100	100	602	82825
100	100	603	82875
100	100	604	82950
100	100	605	83235
100	100	606	83731
100	100	607	84258
100	100	608	84816
100	100	609	85260
100	100	610	85260
100	100	611	85289
100	100	612	85833
100	100	613	85833
100	100	614	86211
100	100	615	86751
100	100	616	87318
100	100	617	87318
100	100	618	87346
100	100	619	87780
100	100	620	88350
100	100	621	88803
100	100	622	88803
100	100	623	89125
100	100	624	89700
100	100	625	90000
100	100	626	90000
100	100	627	90288
100	100	628	90288
100	100	629	90770
100	100	630	91350
100	100	631	91350
100	100	632	91380
100	100	633	91440
100	100	634	91602
100	100	635	92106
100	100	636	92638
100	100	637	93198
100	100	638	93786
100	100	639	93786
100	100	640	94240
100	100	641	94240
100	100	642	94473
100	100	643	95040
100	100	644	95634
100	100	645	95634
100	100	646	95931
100	100	647	96278
100	100	648	96876
100	100	649	96900
100	100	650	97500
100	100	651	97650
100	100	652	97650
100	100	653	97681
100	100	654	97743
100	100	655	97836
100	100	656	98400
100	100	657	98745
100	100	658	99296
100	100	659	99876
100	100	660	100485
100	100	661	100485
100	100	662	100515
100	100	663	100776
100	100	664	101133
100	100	665	101745
100	100	666	102102
100	100	667	102718
100	100	668	102718
100	100	669	102747
100	100	670	103113
100	100	671	103707
100	100	672	104328
100	100	673	104328
100	100	674	104676
100	100	675	105300
100	100	676	105625
100	100	677	105625
100	100	678	105651
100	100	679	105963
100	100	680	106590
100	100	681	106785
100	100	682	107415
100	100	683	107415
100	100	684	107730
100	100	685	107730
100	100	686	107766
100	100	687	108228
100	100	688	108808
100	100	689	109417
100	100	690	110055
100	100	691	110055
100	100	692	110240
100	100	693	110880
100	100	694	110880
100	100	695	111412
100	100	696	112056
100	100	697	112056
100	100	698	112131
100	100	699	112752
100	100	700	113400
100	100	701	113425
100	100	702	114075
100	100	703	114075
100	100	704	114576
100	100	705	114576
100	100	706	114608
100	100	707	114672
100	100	708	114768
100	100	709	115185
100	100	710	115755
100	100	711	116355
100	100	712	116985
100	100	713	117645
100	100	714	117810
100	100	715	117810
100	100	716	117844
100	100	717	118146
100	100	718	118755
100	100	719	119393
100	100	720	120060
100	100	721	120060
100	100	722	120213
100	100	723	120484
100	100	724	121128
100	100	725	121800
100	100	726	121968
100	100	727	122175
100	100	728	122850
100	100	729	123201
100	100	730	123201
100	100	731	123228
100	100	732	123282
100	100	733	123624
100	100	734	124270
100	100	735	124950
100	100	736	125488
100	100	737	125488
100	100	738	125520
100	100	739	125856
100	100	740	126540
100	100	741	126711
100	100	742	126990
100	100	743	127650
100	100	744	128340
100	100	745	128340
100	100	746	128371
100	100	747	128898
100	100	748	129591
100	100	749	129804
100	100	750	130500
100	100	751	130500
100	100	752	130578
100	100	753	131250
100	100	754	131950
100	100	755	131976
100	100	756	132678
100	100	757	132678
100	100	758	132880
100	100	759	133584
100	100	760	133584
100	100	761	133617
100	100	762	133683
100	100	763	133782
100	100	764	134230
100	100	765	134850
100	100	766	135501
100	100	767	136183
100	100	768	136896
100	100	769	136896
100	100	770	137445
100	100	771	137445
100	100	772	137480
100	100	773	138090
100	100	774	138780
100	100	775	139500
100	100	776	139500
100	100	777	139860
100	100	778	139954
100	100	779	140650
100	100	780	141375
100	100	781	141375
100	100	782	141933
100	100	783	142506
100	100	784	142884
100	100	785	142884
100	100	786	142912
100	100	787	142968
100	100	788	143052
100	100	789	143616
100	100	790	144288
100	100	791	144992
100	100	792	145728
100	100	793	145728
100	100	794	145761
100	100	795	145827
100	100	796	146187
100	100	797	146890
100	100	798	147630
100	100	799	148056
100	100	800	148800
100	100	801	148800
100	100	802	148832
100	100	803	149073
100	100	804	149787
100	100	805	150535
100	100	806	151125
100	100	807	151125
100	100	808	151206
100	100	809	151931
100	100	810	152685
100	100	811	152712
100	100	812	153468
100	100	813	153468
100	100	814	153846
100	100	815	154077
100	100	816	154836
100	100	817	154836
100	100	818	154870
100	100	819	155610
100	100	820	155800
100	100	821	155800
100	100	822	156192
100	100	823	156896
100	100	824	157632
100	100	825	158400
100	100	826	158400
100	100	827	158620
100	100	828	159390
100	100	829	159390
100	100	830	159681
100	100	831	160425
100	100	832	161200
100	100	833	161200
100	100	834	161232
100	100	835	161685
100	100	836	162435
100	100	837	163215
100	100	838	163215
100	100	839	163647
100	100	840	164430
100	100	841	164836
100	100	842	164836
100	100	843	164865
100	100	844	164923
100	100	845	165010
100	100	846	165393
100	100	847	166023
100	100	848	166749
100	100	849	167508
100	100	850	168300
100	100	851	168498
100	100	852	168498
100	100	853	168535
100	100	854	168609
100	100	855	169296
100	100	856	170032
100	100	857	170800
100	100	858	171600
100	100	859	171600
100	100	860	171633
100	100	861	172200
100	100	862	172515
100	100	863	173290
100	100	864	174096
100	100	865	174096
100	100	866	174180
100	100	867	174960
100	100	868	175770
100	100	869	175798
100	100	870	176610
100	100	871	176610
100	100	872	176640
100	100	873	177045
100	100	874	177859
100	100	875	178500
100	100	876	178500
100	100	877	178535
100	100	878	178605
100	100	879	179361
100	100	880	180180
100	100	881	180180
100	100	882	180810
100	100	883	181500
100	100	884	182325
100	100	885	182325
100	100	886	182359
100	100	887	182988
100	100	888	183816
100	100	889	183816
100	100	890	184496
100	100	891	185328
100	100	892	185328
100	100	893	185361
100	100	894	185845
100	100	895	186651
100	100	896	187488
100	100	897	187488
100	100	898	187950
100	100	899	188790
100	100	900	189225
100	100	901	189225
100	100	902	189420
100	100	903	189630
100	100	904	189630
100	100	905	189673
100	100	906	190179
100	100	907	190927
100	100	908	191709
100	100	909	192525
100	100	910	193375
100	100	911	193375
100	100	912	194028
100	100	913	194028
100	100	914	194066
100	100	915	194436
100	100	916	195228
100	100	917	196053
100	100	918	196911
100	100	919	196911
100	100	920	197340
100	100	921	197340
100	100	922	197888
100	100	923	198720
100	100	924	199584
100	100	925	199800
100	100	926	199800
100	100	927	200508
100	100	928	201376
100	100	929	201405
100	100	930	202275
100	100	931	202275
100	100	932	202306
100	100	933	202368
100	100	934	203035
100	100	935	203875
100	100	936	204750
100	100	937	204750
100	100	938	204786
100	100	939	204858
100	100	940	205390
100	100	941	205740
100	100	942	206580
100	100	943	207460
100	100	944	207961
100	100	945	208845
100	100	946	208845
100	100	947	208880
100	100	948	209161
100	100	949	210012
100	100	950	210900
100	100	951	211167
100	100	952	212058
100	100	953	212058
100	100	954	212092
100	100	955	212608
100	100	956	213472
100	100	957	214368
100	100	958	214368
100	100	959	214861
100	100	960	215760
100	100	961	216225
100	100	962	216450
100	100	963	216450
100	100	964	216487
100	100	965	216931
100	100	966	217833
100	100	967	217833
100	100	968	218526
100	100	969	218526
100	100	970	219345
100	100	971	220220
100	100	972	221130
100	100	973	221130
100	100	974	221388
100	100	975	222300
100	100	976	222300
100	100	977	222339
100	100	978	223108
100	100	979	223992
100	100	980	224910
100	100	981	224910
100	100	982	224945
100	100	983	225400
100	100	984	226320
100	100	985	226842
100	100	986	227766
100	100	987	227766
100	100	988	228475
100	100	989	228752
100	100	990	229680
100	100	991	229710
100	100	992	230640
100	100	993	230640
100	100	994	230672
100	100	995	230736
100	100	996	231066
100	100	997	231930
100	100	998	232830
100	100	999	233766
100	100	1000	234000
